3.500000000000000000e+00,-7.083648862389736733e-02
8.500000000000000000e+00,-6.880100027209827551e-02
1.350000000000000000e+01,-6.413971805806395476e-02
1.850000000000000000e+01,-7.072476109190785343e-02
2.350000000000000000e+01,-6.948890676820664025e-02
2.850000000000000000e+01,-5.919175687234064925e-02
3.350000000000000000e+01,-5.111152545514802831e-02
3.850000000000000000e+01,-4.278448825837575381e-02
4.350000000000000000e+01,-3.233945208294216472e-02
4.850000000000000000e+01,-2.661396898228648653e-02
5.350000000000000000e+01,-1.121354600852272378e-02
5.850000000000000000e+01,6.481047175215244420e-03
6.350000000000000000e+01,1.826743867815042860e-02
6.850000000000000000e+01,5.393387727521924135e-02
7.350000000000000000e+01,5.711241924060985603e-02
7.850000000000000000e+01,1.200813326782753793e-01
8.350000000000000000e+01,9.978938089907009312e-02
8.850000000000000000e+01,1.124341290181294362e-01
